Matrix
0 1 7 3
1 0 6 3
7 6 0 9
3 3 9 0

Points
20 13
100 80
200 45
333 89
77,9 7,3
500 105
160 200
89 400
333 60
200 200
111 111
304 500

345,12  289,47
17,89   580,23
412,77  161,03
298,65  447,29
76,50   505,67
563,21  130,98
234,09  594,14
482,36  377,55
19,47   298,76
365,84  450,19
121,33  267,40
577,02  513,88
48,66   143,27
392,77  581,05
264,12  332,44
89,23   509,67
513,55  248,79
167,90  379,11
435,08  99,34
302,14  417,62
58,74   213,85
496,31  564,22
275,90  67,43
328,11  245,00
584,29  312,18
142,56  508,90
47,12   36,79
411,66  199,05
263,84  389,47
553,91  72,10
360,07  480,56
137,48  276,33
501,22  359,84
224,09  217,76
126,35  560,12
388,67  324,18
77,41   444,90
295,02  59,13
419,55  200,88
159,23  586,47
540,11  371,02
33,89   502,74
470,38  123,66
212,05  455,19
325,74  382,11
498,90  81,45
181,32  265,97
289,46  514,08
567,23  317,65
98,77   437,20
376,11  521,34
243,58  178,90
134,44  293,56
516,02  449,78
304,19  512,06
59,31   347,82
420,07  167,40
258,76  503,11
485,22  294,58
73,05   219,77
395,12  570,89
149,44  431,20
529,67  95,53
280,31  361,49
161,55  499,22
503,44  268,03
88,90   342,76
437,28  124,69
216,05  580,11
329,77  282,66
568,09  412,55
102,33  509,44
379,81  151,02
249,67  487,30
315,22  390,11
506,78  73,99
186,55  415,22
445,09  207,65
137,80  552,31
288,44  478,12
349,56  263,90
512,34  301,55
78,90   396,11
461,22  144,38
255,08  522,46
399,27  297,80
145,34  237,66
519,88  412,07
